cam0:
  T_cam_imu:
  - [0.027146461745670973, -0.9996291129729364, -0.0021693574235522317, 0.0077871152381297016]
  - [-0.018914817091672365, 0.001656110218708476, -0.9998197272475334, 0.028475606688325786]
  - [0.9994524997762924, 0.027182600977165294, -0.01886284429869501, -0.09409897556742844]
  - [0.0, 0.0, 0.0, 1.0]
  cam_overlaps: [1]
  camera_model: pinhole
  distortion_coeffs: [-0.0048964025986568405, -0.0032256738628326904, 6.867803461190135e-05, 0.0003187277311499132]
  distortion_model: radtan
  intrinsics: [387.26496788634023, 388.0178836701606, 320.53538193017073, 238.7961117373796]
  resolution: [640, 480]
  rostopic: /camera/infra1/image_rect_raw
  timeshift_cam_imu: -0.00025684318586255064
cam1:
  T_cam_imu:
  - [0.02663850779119172, -0.9996420306071117, -0.002490089626676073, -0.042201524984493435]
  - [-0.021088927888801123, 0.001928443963095152, -0.9997757439668067, 0.02866679270018231]
  - [0.9994226568490227, 0.026685047265677886, -0.02103000782855231, -0.09380188966324601]
  - [0.0, 0.0, 0.0, 1.0]
  T_cn_cnm1:
  - [0.999999819473382, 0.00033026084696081417, -0.0005019770628617039, -0.05004527872219782]
  - [-0.00033134757037548, 0.9999975985710199, -0.0021663473812508238, -1.0016433580908463e-05]
  - [0.0005012603976784957, 0.0021665133190476265, 0.999997527475967, 0.00023125708856481866]
  - [0.0, 0.0, 0.0, 1.0]
  cam_overlaps: [0]
  camera_model: pinhole
  distortion_coeffs: [-0.002870215094047284, -0.00471202846643744, 5.440321557997829e-05, -9.458602566352592e-05]
  distortion_model: radtan
  intrinsics: [388.18861658777746, 388.9712538925426, 321.2136971603922, 238.95658293993972]
  resolution: [640, 480]
  rostopic: /camera/infra2/image_rect_raw
  timeshift_cam_imu: -0.00027581377972920587
