rostopic: /camera/imu
update_rate: 200.0

gyroscope_noise_density: 1.5331156827140093e-03
gyroscope_random_walk: 1.6734607279923772e-05

accelerometer_noise_density: 1.8278801197156819e-02
accelerometer_random_walk: 5.1544773775343445e-04
