%YAML:1.0
---
type: IMU
name: fc_imu_static_2h_20260415_010255
Gyr:
   unit: " rad/s"
   avg-axis:
      gyr_n: 4.8927451700666929e-04
      gyr_w: 1.5642967359029503e-05
   x-axis:
      gyr_n: 4.7027426053852616e-04
      gyr_w: 1.6735994167691545e-05
   y-axis:
      gyr_n: 4.6130865012808354e-04
      gyr_w: 1.7740291416555610e-05
   z-axis:
      gyr_n: 5.3624064035339824e-04
      gyr_w: 1.2452616492841355e-05
Acc:
   unit: " m/s^2"
   avg-axis:
      acc_n: 1.4908465193334497e-02
      acc_w: 1.0038488720543152e-03
   x-axis:
      acc_n: 9.0470811030076911e-03
      acc_w: 5.7669972070927911e-04
   y-axis:
      acc_n: 1.0203307818594014e-02
      acc_w: 6.6988537204009497e-04
   z-axis:
      acc_n: 2.5475006658401786e-02
      acc_w: 1.7649615234135716e-03
