cam0:
  T_cam_imu:
  - [0.9999967765350252, -0.0008811341626190392, 0.0023812858177919296, 0.0035078090087651086]
  - [0.0008738328524170175, 0.9999949197831187, 0.0030654239673490653, -0.0011047374530133926]
  - [-0.002383974770124062, -0.0030633332402836932, 0.9999924662984987, -0.03589146257604334]
  - [0.0, 0.0, 0.0, 1.0]
  cam_overlaps: [1]
  camera_model: pinhole
  distortion_coeffs: [-0.0048964025986568405, -0.0032256738628326904, 6.867803461190135e-05, 0.0003187277311499132]
  distortion_model: radtan
  intrinsics: [387.26496788634023, 388.0178836701606, 320.53538193017073, 238.7961117373796]
  resolution: [640, 480]
  rostopic: /camera/infra1/image_rect_raw
  timeshift_cam_imu: -0.005462534568150308
cam1:
  T_cam_imu:
  - [0.9999980813024226, -0.0005493371113642618, 0.0018803244963058582, -0.04651981850724677]
  - [0.0005476487691815173, 0.999999446571948, 0.0008982965120447157, -0.0010381601616772907]
  - [-0.0018808169232926101, -0.0008972650310893106, 0.9999978287192253, -0.03566075184764209]
  - [0.0, 0.0, 0.0, 1.0]
  T_cn_cnm1:
  - [0.999999819473382, 0.00033026084696081417, -0.0005019770628617039, -0.05004527872219782]
  - [-0.00033134757037548, 0.9999975985710199, -0.0021663473812508238, -1.0016433580908463e-05]
  - [0.0005012603976784957, 0.0021665133190476265, 0.999997527475967, 0.00023125708856481866]
  - [0.0, 0.0, 0.0, 1.0]
  cam_overlaps: [0]
  camera_model: pinhole
  distortion_coeffs: [-0.002870215094047284, -0.00471202846643744, 5.440321557997829e-05, -9.458602566352592e-05]
  distortion_model: radtan
  intrinsics: [388.18861658777746, 388.9712538925426, 321.2136971603922, 238.95658293993972]
  resolution: [640, 480]
  rostopic: /camera/infra2/image_rect_raw
  timeshift_cam_imu: -0.005392163953234804
