%YAML:1.0
---
model_type: PINHOLE
camera_name: camera
image_width: 640
image_height: 480
distortion_parameters:
   k1: -0.0048964025986568405
   k2: -0.0032256738628326904
   p1: 6.867803461190135e-05
   p2: 0.0003187277311499132
projection_parameters:
   fx: 387.26496788634023
   fy: 388.0178836701606
   cx: 320.53538193017073
   cy: 238.7961117373796
