%YAML:1.0
---
model_type: PINHOLE
camera_name: camera
image_width: 640
image_height: 480
distortion_parameters:
   k1: -0.002870215094047284
   k2: -0.00471202846643744
   p1: 5.440321557997829e-05
   p2: -9.458602566352592e-05
projection_parameters:
   fx: 388.18861658777746
   fy: 388.9712538925426
   cx: 321.2136971603922
   cy: 238.95658293993972
